.i 10
.o 25
.type fr
1111111111 00001 00010 00100 01000 10000 
1111111110 00001 00010 00100 10000 01000 
1111111011 00001 00010 01000 00100 10000 
1111111001 00001 00010 01000 10000 00100 
1111111100 00001 00010 10000 00100 01000 
1111111000 00001 00010 10000 01000 00100 
1111011111 00001 00100 00010 01000 10000 
1111011110 00001 00100 00010 10000 01000 
1111001111 00001 00100 01000 00010 10000 
1111000111 00001 00100 01000 10000 00010 
1111010110 00001 00100 10000 00010 01000 
1111000110 00001 00100 10000 01000 00010 
1111101011 00001 01000 00010 00100 10000 
1111101001 00001 01000 00010 10000 00100 
1111001011 00001 01000 00100 00010 10000 
1111000011 00001 01000 00100 10000 00010 
1111100001 00001 01000 10000 00010 00100 
1111000001 00001 01000 10000 00100 00010 
1111110100 00001 10000 00010 00100 01000 
1111110000 00001 10000 00010 01000 00100 
1111010100 00001 10000 00100 00010 01000 
1111000100 00001 10000 00100 01000 00010 
1111100000 00001 10000 01000 00010 00100 
1111000000 00001 10000 01000 00100 00010 
0111111111 00010 00001 00100 01000 10000 
0111111110 00010 00001 00100 10000 01000 
0111111011 00010 00001 01000 00100 10000 
0111111001 00010 00001 01000 10000 00100 
0111111100 00010 00001 10000 00100 01000 
0111111000 00010 00001 10000 01000 00100 
0011111111 00010 00100 00001 01000 10000 
0011111110 00010 00100 00001 10000 01000 
0001111111 00010 00100 01000 00001 10000 
0000111111 00010 00100 01000 10000 00001 
0010111110 00010 00100 10000 00001 01000 
0000111110 00010 00100 10000 01000 00001 
0101111011 00010 01000 00001 00100 10000 
0101111001 00010 01000 00001 10000 00100 
0001111011 00010 01000 00100 00001 10000 
0000111011 00010 01000 00100 10000 00001 
0100111001 00010 01000 10000 00001 00100 
0000111001 00010 01000 10000 00100 00001 
0110111100 00010 10000 00001 00100 01000 
0110111000 00010 10000 00001 01000 00100 
0010111100 00010 10000 00100 00001 01000 
0000111100 00010 10000 00100 01000 00001 
0100111000 00010 10000 01000 00001 00100 
0000111000 00010 10000 01000 00100 00001 
1011011111 00100 00001 00010 01000 10000 
1011011110 00100 00001 00010 10000 01000 
1011001111 00100 00001 01000 00010 10000 
1011000111 00100 00001 01000 10000 00010 
1011010110 00100 00001 10000 00010 01000 
1011000110 00100 00001 10000 01000 00010 
0011011111 00100 00010 00001 01000 10000 
0011011110 00100 00010 00001 10000 01000 
0001011111 00100 00010 01000 00001 10000 
0000011111 00100 00010 01000 10000 00001 
0010011110 00100 00010 10000 00001 01000 
0000011110 00100 00010 10000 01000 00001 
1001001111 00100 01000 00001 00010 10000 
1001000111 00100 01000 00001 10000 00010 
0001001111 00100 01000 00010 00001 10000 
0000001111 00100 01000 00010 10000 00001 
1000000111 00100 01000 10000 00001 00010 
0000000111 00100 01000 10000 00010 00001 
1010010110 00100 10000 00001 00010 01000 
1010000110 00100 10000 00001 01000 00010 
0010010110 00100 10000 00010 00001 01000 
0000010110 00100 10000 00010 01000 00001 
1000000110 00100 10000 01000 00001 00010 
0000000110 00100 10000 01000 00010 00001 
1101101011 01000 00001 00010 00100 10000 
1101101001 01000 00001 00010 10000 00100 
1101001011 01000 00001 00100 00010 10000 
1101000011 01000 00001 00100 10000 00010 
1101100001 01000 00001 10000 00010 00100 
1101000001 01000 00001 10000 00100 00010 
0101101011 01000 00010 00001 00100 10000 
0101101001 01000 00010 00001 10000 00100 
0001101011 01000 00010 00100 00001 10000 
0000101011 01000 00010 00100 10000 00001 
0100101001 01000 00010 10000 00001 00100 
0000101001 01000 00010 10000 00100 00001 
1001001011 01000 00100 00001 00010 10000 
1001000011 01000 00100 00001 10000 00010 
0001001011 01000 00100 00010 00001 10000 
0000001011 01000 00100 00010 10000 00001 
1000000011 01000 00100 10000 00001 00010 
0000000011 01000 00100 10000 00010 00001 
1100100001 01000 10000 00001 00010 00100 
1100000001 01000 10000 00001 00100 00010 
0100100001 01000 10000 00010 00001 00100 
0000100001 01000 10000 00010 00100 00001 
1000000001 01000 10000 00100 00001 00010 
0000000001 01000 10000 00100 00010 00001 
1110110100 10000 00001 00010 00100 01000 
1110110000 10000 00001 00010 01000 00100 
1110010100 10000 00001 00100 00010 01000 
1110000100 10000 00001 00100 01000 00010 
1110100000 10000 00001 01000 00010 00100 
1110000000 10000 00001 01000 00100 00010 
0110110100 10000 00010 00001 00100 01000 
0110110000 10000 00010 00001 01000 00100 
0010110100 10000 00010 00100 00001 01000 
0000110100 10000 00010 00100 01000 00001 
0100110000 10000 00010 01000 00001 00100 
0000110000 10000 00010 01000 00100 00001 
1010010100 10000 00100 00001 00010 01000 
1010000100 10000 00100 00001 01000 00010 
0010010100 10000 00100 00010 00001 01000 
0000010100 10000 00100 00010 01000 00001 
1000000100 10000 00100 01000 00001 00010 
0000000100 10000 00100 01000 00010 00001 
1100100000 10000 01000 00001 00010 00100 
1100000000 10000 01000 00001 00100 00010 
0100100000 10000 01000 00010 00001 00100 
0000100000 10000 01000 00010 00100 00001 
1000000000 10000 01000 00100 00001 00010 
0000000000 10000 01000 00100 00010 00001 
.e
