.i 6
.o 16
.type fr
111111 0001 0010 0100 1000 
111110 0001 0010 1000 0100 
111011 0001 0100 0010 1000 
111001 0001 0100 1000 0010 
111100 0001 1000 0010 0100 
111000 0001 1000 0100 0010 
011111 0010 0001 0100 1000 
011110 0010 0001 1000 0100 
001111 0010 0100 0001 1000 
000111 0010 0100 1000 0001 
010110 0010 1000 0001 0100 
000110 0010 1000 0100 0001 
101011 0100 0001 0010 1000 
101001 0100 0001 1000 0010 
001011 0100 0010 0001 1000 
000011 0100 0010 1000 0001 
100001 0100 1000 0001 0010 
000001 0100 1000 0010 0001 
110100 1000 0001 0010 0100 
110000 1000 0001 0100 0010 
010100 1000 0010 0001 0100 
000100 1000 0010 0100 0001 
100000 1000 0100 0001 0010 
000000 1000 0100 0010 0001 
.e
