.i 15
.o 36
.type fr
111111111111111 000001 000010 000100 001000 010000 100000 
111111111111110 000001 000010 000100 001000 100000 010000 
111111111111011 000001 000010 000100 010000 001000 100000 
111111111111001 000001 000010 000100 010000 100000 001000 
111111111111100 000001 000010 000100 100000 001000 010000 
111111111111000 000001 000010 000100 100000 010000 001000 
111111111011111 000001 000010 001000 000100 010000 100000 
111111111011110 000001 000010 001000 000100 100000 010000 
111111111001111 000001 000010 001000 010000 000100 100000 
111111111000111 000001 000010 001000 010000 100000 000100 
111111111010110 000001 000010 001000 100000 000100 010000 
111111111000110 000001 000010 001000 100000 010000 000100 
111111111101011 000001 000010 010000 000100 001000 100000 
111111111101001 000001 000010 010000 000100 100000 001000 
111111111001011 000001 000010 010000 001000 000100 100000 
111111111000011 000001 000010 010000 001000 100000 000100 
111111111100001 000001 000010 010000 100000 000100 001000 
111111111000001 000001 000010 010000 100000 001000 000100 
111111111110100 000001 000010 100000 000100 001000 010000 
111111111110000 000001 000010 100000 000100 010000 001000 
111111111010100 000001 000010 100000 001000 000100 010000 
111111111000100 000001 000010 100000 001000 010000 000100 
111111111100000 000001 000010 100000 010000 000100 001000 
111111111000000 000001 000010 100000 010000 001000 000100 
111110111111111 000001 000100 000010 001000 010000 100000 
111110111111110 000001 000100 000010 001000 100000 010000 
111110111111011 000001 000100 000010 010000 001000 100000 
111110111111001 000001 000100 000010 010000 100000 001000 
111110111111100 000001 000100 000010 100000 001000 010000 
111110111111000 000001 000100 000010 100000 010000 001000 
111110011111111 000001 000100 001000 000010 010000 100000 
111110011111110 000001 000100 001000 000010 100000 010000 
111110001111111 000001 000100 001000 010000 000010 100000 
111110000111111 000001 000100 001000 010000 100000 000010 
111110010111110 000001 000100 001000 100000 000010 010000 
111110000111110 000001 000100 001000 100000 010000 000010 
111110101111011 000001 000100 010000 000010 001000 100000 
111110101111001 000001 000100 010000 000010 100000 001000 
111110001111011 000001 000100 010000 001000 000010 100000 
111110000111011 000001 000100 010000 001000 100000 000010 
111110100111001 000001 000100 010000 100000 000010 001000 
111110000111001 000001 000100 010000 100000 001000 000010 
111110110111100 000001 000100 100000 000010 001000 010000 
111110110111000 000001 000100 100000 000010 010000 001000 
111110010111100 000001 000100 100000 001000 000010 010000 
111110000111100 000001 000100 100000 001000 010000 000010 
111110100111000 000001 000100 100000 010000 000010 001000 
111110000111000 000001 000100 100000 010000 001000 000010 
111111011011111 000001 001000 000010 000100 010000 100000 
111111011011110 000001 001000 000010 000100 100000 010000 
111111011001111 000001 001000 000010 010000 000100 100000 
111111011000111 000001 001000 000010 010000 100000 000100 
111111011010110 000001 001000 000010 100000 000100 010000 
111111011000110 000001 001000 000010 100000 010000 000100 
111110011011111 000001 001000 000100 000010 010000 100000 
111110011011110 000001 001000 000100 000010 100000 010000 
111110001011111 000001 001000 000100 010000 000010 100000 
111110000011111 000001 001000 000100 010000 100000 000010 
111110010011110 000001 001000 000100 100000 000010 010000 
111110000011110 000001 001000 000100 100000 010000 000010 
111111001001111 000001 001000 010000 000010 000100 100000 
111111001000111 000001 001000 010000 000010 100000 000100 
111110001001111 000001 001000 010000 000100 000010 100000 
111110000001111 000001 001000 010000 000100 100000 000010 
111111000000111 000001 001000 010000 100000 000010 000100 
111110000000111 000001 001000 010000 100000 000100 000010 
111111010010110 000001 001000 100000 000010 000100 010000 
111111010000110 000001 001000 100000 000010 010000 000100 
111110010010110 000001 001000 100000 000100 000010 010000 
111110000010110 000001 001000 100000 000100 010000 000010 
111111000000110 000001 001000 100000 010000 000010 000100 
111110000000110 000001 001000 100000 010000 000100 000010 
111111101101011 000001 010000 000010 000100 001000 100000 
111111101101001 000001 010000 000010 000100 100000 001000 
111111101001011 000001 010000 000010 001000 000100 100000 
111111101000011 000001 010000 000010 001000 100000 000100 
111111101100001 000001 010000 000010 100000 000100 001000 
111111101000001 000001 010000 000010 100000 001000 000100 
111110101101011 000001 010000 000100 000010 001000 100000 
111110101101001 000001 010000 000100 000010 100000 001000 
111110001101011 000001 010000 000100 001000 000010 100000 
111110000101011 000001 010000 000100 001000 100000 000010 
111110100101001 000001 010000 000100 100000 000010 001000 
111110000101001 000001 010000 000100 100000 001000 000010 
111111001001011 000001 010000 001000 000010 000100 100000 
111111001000011 000001 010000 001000 000010 100000 000100 
111110001001011 000001 010000 001000 000100 000010 100000 
111110000001011 000001 010000 001000 000100 100000 000010 
111111000000011 000001 010000 001000 100000 000010 000100 
111110000000011 000001 010000 001000 100000 000100 000010 
111111100100001 000001 010000 100000 000010 000100 001000 
111111100000001 000001 010000 100000 000010 001000 000100 
111110100100001 000001 010000 100000 000100 000010 001000 
111110000100001 000001 010000 100000 000100 001000 000010 
111111000000001 000001 010000 100000 001000 000010 000100 
111110000000001 000001 010000 100000 001000 000100 000010 
111111110110100 000001 100000 000010 000100 001000 010000 
111111110110000 000001 100000 000010 000100 010000 001000 
111111110010100 000001 100000 000010 001000 000100 010000 
111111110000100 000001 100000 000010 001000 010000 000100 
111111110100000 000001 100000 000010 010000 000100 001000 
111111110000000 000001 100000 000010 010000 001000 000100 
111110110110100 000001 100000 000100 000010 001000 010000 
111110110110000 000001 100000 000100 000010 010000 001000 
111110010110100 000001 100000 000100 001000 000010 010000 
111110000110100 000001 100000 000100 001000 010000 000010 
111110100110000 000001 100000 000100 010000 000010 001000 
111110000110000 000001 100000 000100 010000 001000 000010 
111111010010100 000001 100000 001000 000010 000100 010000 
111111010000100 000001 100000 001000 000010 010000 000100 
111110010010100 000001 100000 001000 000100 000010 010000 
111110000010100 000001 100000 001000 000100 010000 000010 
111111000000100 000001 100000 001000 010000 000010 000100 
111110000000100 000001 100000 001000 010000 000100 000010 
111111100100000 000001 100000 010000 000010 000100 001000 
111111100000000 000001 100000 010000 000010 001000 000100 
111110100100000 000001 100000 010000 000100 000010 001000 
111110000100000 000001 100000 010000 000100 001000 000010 
111111000000000 000001 100000 010000 001000 000010 000100 
111110000000000 000001 100000 010000 001000 000100 000010 
011111111111111 000010 000001 000100 001000 010000 100000 
011111111111110 000010 000001 000100 001000 100000 010000 
011111111111011 000010 000001 000100 010000 001000 100000 
011111111111001 000010 000001 000100 010000 100000 001000 
011111111111100 000010 000001 000100 100000 001000 010000 
011111111111000 000010 000001 000100 100000 010000 001000 
011111111011111 000010 000001 001000 000100 010000 100000 
011111111011110 000010 000001 001000 000100 100000 010000 
011111111001111 000010 000001 001000 010000 000100 100000 
011111111000111 000010 000001 001000 010000 100000 000100 
011111111010110 000010 000001 001000 100000 000100 010000 
011111111000110 000010 000001 001000 100000 010000 000100 
011111111101011 000010 000001 010000 000100 001000 100000 
011111111101001 000010 000001 010000 000100 100000 001000 
011111111001011 000010 000001 010000 001000 000100 100000 
011111111000011 000010 000001 010000 001000 100000 000100 
011111111100001 000010 000001 010000 100000 000100 001000 
011111111000001 000010 000001 010000 100000 001000 000100 
011111111110100 000010 000001 100000 000100 001000 010000 
011111111110000 000010 000001 100000 000100 010000 001000 
011111111010100 000010 000001 100000 001000 000100 010000 
011111111000100 000010 000001 100000 001000 010000 000100 
011111111100000 000010 000001 100000 010000 000100 001000 
011111111000000 000010 000001 100000 010000 001000 000100 
001111111111111 000010 000100 000001 001000 010000 100000 
001111111111110 000010 000100 000001 001000 100000 010000 
001111111111011 000010 000100 000001 010000 001000 100000 
001111111111001 000010 000100 000001 010000 100000 001000 
001111111111100 000010 000100 000001 100000 001000 010000 
001111111111000 000010 000100 000001 100000 010000 001000 
000111111111111 000010 000100 001000 000001 010000 100000 
000111111111110 000010 000100 001000 000001 100000 010000 
000011111111111 000010 000100 001000 010000 000001 100000 
000001111111111 000010 000100 001000 010000 100000 000001 
000101111111110 000010 000100 001000 100000 000001 010000 
000001111111110 000010 000100 001000 100000 010000 000001 
001011111111011 000010 000100 010000 000001 001000 100000 
001011111111001 000010 000100 010000 000001 100000 001000 
000011111111011 000010 000100 010000 001000 000001 100000 
000001111111011 000010 000100 010000 001000 100000 000001 
001001111111001 000010 000100 010000 100000 000001 001000 
000001111111001 000010 000100 010000 100000 001000 000001 
001101111111100 000010 000100 100000 000001 001000 010000 
001101111111000 000010 000100 100000 000001 010000 001000 
000101111111100 000010 000100 100000 001000 000001 010000 
000001111111100 000010 000100 100000 001000 010000 000001 
001001111111000 000010 000100 100000 010000 000001 001000 
000001111111000 000010 000100 100000 010000 001000 000001 
010111111011111 000010 001000 000001 000100 010000 100000 
010111111011110 000010 001000 000001 000100 100000 010000 
010111111001111 000010 001000 000001 010000 000100 100000 
010111111000111 000010 001000 000001 010000 100000 000100 
010111111010110 000010 001000 000001 100000 000100 010000 
010111111000110 000010 001000 000001 100000 010000 000100 
000111111011111 000010 001000 000100 000001 010000 100000 
000111111011110 000010 001000 000100 000001 100000 010000 
000011111011111 000010 001000 000100 010000 000001 100000 
000001111011111 000010 001000 000100 010000 100000 000001 
000101111011110 000010 001000 000100 100000 000001 010000 
000001111011110 000010 001000 000100 100000 010000 000001 
010011111001111 000010 001000 010000 000001 000100 100000 
010011111000111 000010 001000 010000 000001 100000 000100 
000011111001111 000010 001000 010000 000100 000001 100000 
000001111001111 000010 001000 010000 000100 100000 000001 
010001111000111 000010 001000 010000 100000 000001 000100 
000001111000111 000010 001000 010000 100000 000100 000001 
010101111010110 000010 001000 100000 000001 000100 010000 
010101111000110 000010 001000 100000 000001 010000 000100 
000101111010110 000010 001000 100000 000100 000001 010000 
000001111010110 000010 001000 100000 000100 010000 000001 
010001111000110 000010 001000 100000 010000 000001 000100 
000001111000110 000010 001000 100000 010000 000100 000001 
011011111101011 000010 010000 000001 000100 001000 100000 
011011111101001 000010 010000 000001 000100 100000 001000 
011011111001011 000010 010000 000001 001000 000100 100000 
011011111000011 000010 010000 000001 001000 100000 000100 
011011111100001 000010 010000 000001 100000 000100 001000 
011011111000001 000010 010000 000001 100000 001000 000100 
001011111101011 000010 010000 000100 000001 001000 100000 
001011111101001 000010 010000 000100 000001 100000 001000 
000011111101011 000010 010000 000100 001000 000001 100000 
000001111101011 000010 010000 000100 001000 100000 000001 
001001111101001 000010 010000 000100 100000 000001 001000 
000001111101001 000010 010000 000100 100000 001000 000001 
010011111001011 000010 010000 001000 000001 000100 100000 
010011111000011 000010 010000 001000 000001 100000 000100 
000011111001011 000010 010000 001000 000100 000001 100000 
000001111001011 000010 010000 001000 000100 100000 000001 
010001111000011 000010 010000 001000 100000 000001 000100 
000001111000011 000010 010000 001000 100000 000100 000001 
011001111100001 000010 010000 100000 000001 000100 001000 
011001111000001 000010 010000 100000 000001 001000 000100 
001001111100001 000010 010000 100000 000100 000001 001000 
000001111100001 000010 010000 100000 000100 001000 000001 
010001111000001 000010 010000 100000 001000 000001 000100 
000001111000001 000010 010000 100000 001000 000100 000001 
011101111110100 000010 100000 000001 000100 001000 010000 
011101111110000 000010 100000 000001 000100 010000 001000 
011101111010100 000010 100000 000001 001000 000100 010000 
011101111000100 000010 100000 000001 001000 010000 000100 
011101111100000 000010 100000 000001 010000 000100 001000 
011101111000000 000010 100000 000001 010000 001000 000100 
001101111110100 000010 100000 000100 000001 001000 010000 
001101111110000 000010 100000 000100 000001 010000 001000 
000101111110100 000010 100000 000100 001000 000001 010000 
000001111110100 000010 100000 000100 001000 010000 000001 
001001111110000 000010 100000 000100 010000 000001 001000 
000001111110000 000010 100000 000100 010000 001000 000001 
010101111010100 000010 100000 001000 000001 000100 010000 
010101111000100 000010 100000 001000 000001 010000 000100 
000101111010100 000010 100000 001000 000100 000001 010000 
000001111010100 000010 100000 001000 000100 010000 000001 
010001111000100 000010 100000 001000 010000 000001 000100 
000001111000100 000010 100000 001000 010000 000100 000001 
011001111100000 000010 100000 010000 000001 000100 001000 
011001111000000 000010 100000 010000 000001 001000 000100 
001001111100000 000010 100000 010000 000100 000001 001000 
000001111100000 000010 100000 010000 000100 001000 000001 
010001111000000 000010 100000 010000 001000 000001 000100 
000001111000000 000010 100000 010000 001000 000100 000001 
101110111111111 000100 000001 000010 001000 010000 100000 
101110111111110 000100 000001 000010 001000 100000 010000 
101110111111011 000100 000001 000010 010000 001000 100000 
101110111111001 000100 000001 000010 010000 100000 001000 
101110111111100 000100 000001 000010 100000 001000 010000 
101110111111000 000100 000001 000010 100000 010000 001000 
101110011111111 000100 000001 001000 000010 010000 100000 
101110011111110 000100 000001 001000 000010 100000 010000 
101110001111111 000100 000001 001000 010000 000010 100000 
101110000111111 000100 000001 001000 010000 100000 000010 
101110010111110 000100 000001 001000 100000 000010 010000 
101110000111110 000100 000001 001000 100000 010000 000010 
101110101111011 000100 000001 010000 000010 001000 100000 
101110101111001 000100 000001 010000 000010 100000 001000 
101110001111011 000100 000001 010000 001000 000010 100000 
101110000111011 000100 000001 010000 001000 100000 000010 
101110100111001 000100 000001 010000 100000 000010 001000 
101110000111001 000100 000001 010000 100000 001000 000010 
101110110111100 000100 000001 100000 000010 001000 010000 
101110110111000 000100 000001 100000 000010 010000 001000 
101110010111100 000100 000001 100000 001000 000010 010000 
101110000111100 000100 000001 100000 001000 010000 000010 
101110100111000 000100 000001 100000 010000 000010 001000 
101110000111000 000100 000001 100000 010000 001000 000010 
001110111111111 000100 000010 000001 001000 010000 100000 
001110111111110 000100 000010 000001 001000 100000 010000 
001110111111011 000100 000010 000001 010000 001000 100000 
001110111111001 000100 000010 000001 010000 100000 001000 
001110111111100 000100 000010 000001 100000 001000 010000 
001110111111000 000100 000010 000001 100000 010000 001000 
000110111111111 000100 000010 001000 000001 010000 100000 
000110111111110 000100 000010 001000 000001 100000 010000 
000010111111111 000100 000010 001000 010000 000001 100000 
000000111111111 000100 000010 001000 010000 100000 000001 
000100111111110 000100 000010 001000 100000 000001 010000 
000000111111110 000100 000010 001000 100000 010000 000001 
001010111111011 000100 000010 010000 000001 001000 100000 
001010111111001 000100 000010 010000 000001 100000 001000 
000010111111011 000100 000010 010000 001000 000001 100000 
000000111111011 000100 000010 010000 001000 100000 000001 
001000111111001 000100 000010 010000 100000 000001 001000 
000000111111001 000100 000010 010000 100000 001000 000001 
001100111111100 000100 000010 100000 000001 001000 010000 
001100111111000 000100 000010 100000 000001 010000 001000 
000100111111100 000100 000010 100000 001000 000001 010000 
000000111111100 000100 000010 100000 001000 010000 000001 
001000111111000 000100 000010 100000 010000 000001 001000 
000000111111000 000100 000010 100000 010000 001000 000001 
100110011111111 000100 001000 000001 000010 010000 100000 
100110011111110 000100 001000 000001 000010 100000 010000 
100110001111111 000100 001000 000001 010000 000010 100000 
100110000111111 000100 001000 000001 010000 100000 000010 
100110010111110 000100 001000 000001 100000 000010 010000 
100110000111110 000100 001000 000001 100000 010000 000010 
000110011111111 000100 001000 000010 000001 010000 100000 
000110011111110 000100 001000 000010 000001 100000 010000 
000010011111111 000100 001000 000010 010000 000001 100000 
000000011111111 000100 001000 000010 010000 100000 000001 
000100011111110 000100 001000 000010 100000 000001 010000 
000000011111110 000100 001000 000010 100000 010000 000001 
100010001111111 000100 001000 010000 000001 000010 100000 
100010000111111 000100 001000 010000 000001 100000 000010 
000010001111111 000100 001000 010000 000010 000001 100000 
000000001111111 000100 001000 010000 000010 100000 000001 
100000000111111 000100 001000 010000 100000 000001 000010 
000000000111111 000100 001000 010000 100000 000010 000001 
100100010111110 000100 001000 100000 000001 000010 010000 
100100000111110 000100 001000 100000 000001 010000 000010 
000100010111110 000100 001000 100000 000010 000001 010000 
000000010111110 000100 001000 100000 000010 010000 000001 
100000000111110 000100 001000 100000 010000 000001 000010 
000000000111110 000100 001000 100000 010000 000010 000001 
101010101111011 000100 010000 000001 000010 001000 100000 
101010101111001 000100 010000 000001 000010 100000 001000 
101010001111011 000100 010000 000001 001000 000010 100000 
101010000111011 000100 010000 000001 001000 100000 000010 
101010100111001 000100 010000 000001 100000 000010 001000 
101010000111001 000100 010000 000001 100000 001000 000010 
001010101111011 000100 010000 000010 000001 001000 100000 
001010101111001 000100 010000 000010 000001 100000 001000 
000010101111011 000100 010000 000010 001000 000001 100000 
000000101111011 000100 010000 000010 001000 100000 000001 
001000101111001 000100 010000 000010 100000 000001 001000 
000000101111001 000100 010000 000010 100000 001000 000001 
100010001111011 000100 010000 001000 000001 000010 100000 
100010000111011 000100 010000 001000 000001 100000 000010 
000010001111011 000100 010000 001000 000010 000001 100000 
000000001111011 000100 010000 001000 000010 100000 000001 
100000000111011 000100 010000 001000 100000 000001 000010 
000000000111011 000100 010000 001000 100000 000010 000001 
101000100111001 000100 010000 100000 000001 000010 001000 
101000000111001 000100 010000 100000 000001 001000 000010 
001000100111001 000100 010000 100000 000010 000001 001000 
000000100111001 000100 010000 100000 000010 001000 000001 
100000000111001 000100 010000 100000 001000 000001 000010 
000000000111001 000100 010000 100000 001000 000010 000001 
101100110111100 000100 100000 000001 000010 001000 010000 
101100110111000 000100 100000 000001 000010 010000 001000 
101100010111100 000100 100000 000001 001000 000010 010000 
101100000111100 000100 100000 000001 001000 010000 000010 
101100100111000 000100 100000 000001 010000 000010 001000 
101100000111000 000100 100000 000001 010000 001000 000010 
001100110111100 000100 100000 000010 000001 001000 010000 
001100110111000 000100 100000 000010 000001 010000 001000 
000100110111100 000100 100000 000010 001000 000001 010000 
000000110111100 000100 100000 000010 001000 010000 000001 
001000110111000 000100 100000 000010 010000 000001 001000 
000000110111000 000100 100000 000010 010000 001000 000001 
100100010111100 000100 100000 001000 000001 000010 010000 
100100000111100 000100 100000 001000 000001 010000 000010 
000100010111100 000100 100000 001000 000010 000001 010000 
000000010111100 000100 100000 001000 000010 010000 000001 
100000000111100 000100 100000 001000 010000 000001 000010 
000000000111100 000100 100000 001000 010000 000010 000001 
101000100111000 000100 100000 010000 000001 000010 001000 
101000000111000 000100 100000 010000 000001 001000 000010 
001000100111000 000100 100000 010000 000010 000001 001000 
000000100111000 000100 100000 010000 000010 001000 000001 
100000000111000 000100 100000 010000 001000 000001 000010 
000000000111000 000100 100000 010000 001000 000010 000001 
110111011011111 001000 000001 000010 000100 010000 100000 
110111011011110 001000 000001 000010 000100 100000 010000 
110111011001111 001000 000001 000010 010000 000100 100000 
110111011000111 001000 000001 000010 010000 100000 000100 
110111011010110 001000 000001 000010 100000 000100 010000 
110111011000110 001000 000001 000010 100000 010000 000100 
110110011011111 001000 000001 000100 000010 010000 100000 
110110011011110 001000 000001 000100 000010 100000 010000 
110110001011111 001000 000001 000100 010000 000010 100000 
110110000011111 001000 000001 000100 010000 100000 000010 
110110010011110 001000 000001 000100 100000 000010 010000 
110110000011110 001000 000001 000100 100000 010000 000010 
110111001001111 001000 000001 010000 000010 000100 100000 
110111001000111 001000 000001 010000 000010 100000 000100 
110110001001111 001000 000001 010000 000100 000010 100000 
110110000001111 001000 000001 010000 000100 100000 000010 
110111000000111 001000 000001 010000 100000 000010 000100 
110110000000111 001000 000001 010000 100000 000100 000010 
110111010010110 001000 000001 100000 000010 000100 010000 
110111010000110 001000 000001 100000 000010 010000 000100 
110110010010110 001000 000001 100000 000100 000010 010000 
110110000010110 001000 000001 100000 000100 010000 000010 
110111000000110 001000 000001 100000 010000 000010 000100 
110110000000110 001000 000001 100000 010000 000100 000010 
010111011011111 001000 000010 000001 000100 010000 100000 
010111011011110 001000 000010 000001 000100 100000 010000 
010111011001111 001000 000010 000001 010000 000100 100000 
010111011000111 001000 000010 000001 010000 100000 000100 
010111011010110 001000 000010 000001 100000 000100 010000 
010111011000110 001000 000010 000001 100000 010000 000100 
000111011011111 001000 000010 000100 000001 010000 100000 
000111011011110 001000 000010 000100 000001 100000 010000 
000011011011111 001000 000010 000100 010000 000001 100000 
000001011011111 001000 000010 000100 010000 100000 000001 
000101011011110 001000 000010 000100 100000 000001 010000 
000001011011110 001000 000010 000100 100000 010000 000001 
010011011001111 001000 000010 010000 000001 000100 100000 
010011011000111 001000 000010 010000 000001 100000 000100 
000011011001111 001000 000010 010000 000100 000001 100000 
000001011001111 001000 000010 010000 000100 100000 000001 
010001011000111 001000 000010 010000 100000 000001 000100 
000001011000111 001000 000010 010000 100000 000100 000001 
010101011010110 001000 000010 100000 000001 000100 010000 
010101011000110 001000 000010 100000 000001 010000 000100 
000101011010110 001000 000010 100000 000100 000001 010000 
000001011010110 001000 000010 100000 000100 010000 000001 
010001011000110 001000 000010 100000 010000 000001 000100 
000001011000110 001000 000010 100000 010000 000100 000001 
100110011011111 001000 000100 000001 000010 010000 100000 
100110011011110 001000 000100 000001 000010 100000 010000 
100110001011111 001000 000100 000001 010000 000010 100000 
100110000011111 001000 000100 000001 010000 100000 000010 
100110010011110 001000 000100 000001 100000 000010 010000 
100110000011110 001000 000100 000001 100000 010000 000010 
000110011011111 001000 000100 000010 000001 010000 100000 
000110011011110 001000 000100 000010 000001 100000 010000 
000010011011111 001000 000100 000010 010000 000001 100000 
000000011011111 001000 000100 000010 010000 100000 000001 
000100011011110 001000 000100 000010 100000 000001 010000 
000000011011110 001000 000100 000010 100000 010000 000001 
100010001011111 001000 000100 010000 000001 000010 100000 
100010000011111 001000 000100 010000 000001 100000 000010 
000010001011111 001000 000100 010000 000010 000001 100000 
000000001011111 001000 000100 010000 000010 100000 000001 
100000000011111 001000 000100 010000 100000 000001 000010 
000000000011111 001000 000100 010000 100000 000010 000001 
100100010011110 001000 000100 100000 000001 000010 010000 
100100000011110 001000 000100 100000 000001 010000 000010 
000100010011110 001000 000100 100000 000010 000001 010000 
000000010011110 001000 000100 100000 000010 010000 000001 
100000000011110 001000 000100 100000 010000 000001 000010 
000000000011110 001000 000100 100000 010000 000010 000001 
110011001001111 001000 010000 000001 000010 000100 100000 
110011001000111 001000 010000 000001 000010 100000 000100 
110010001001111 001000 010000 000001 000100 000010 100000 
110010000001111 001000 010000 000001 000100 100000 000010 
110011000000111 001000 010000 000001 100000 000010 000100 
110010000000111 001000 010000 000001 100000 000100 000010 
010011001001111 001000 010000 000010 000001 000100 100000 
010011001000111 001000 010000 000010 000001 100000 000100 
000011001001111 001000 010000 000010 000100 000001 100000 
000001001001111 001000 010000 000010 000100 100000 000001 
010001001000111 001000 010000 000010 100000 000001 000100 
000001001000111 001000 010000 000010 100000 000100 000001 
100010001001111 001000 010000 000100 000001 000010 100000 
100010000001111 001000 010000 000100 000001 100000 000010 
000010001001111 001000 010000 000100 000010 000001 100000 
000000001001111 001000 010000 000100 000010 100000 000001 
100000000001111 001000 010000 000100 100000 000001 000010 
000000000001111 001000 010000 000100 100000 000010 000001 
110001000000111 001000 010000 100000 000001 000010 000100 
110000000000111 001000 010000 100000 000001 000100 000010 
010001000000111 001000 010000 100000 000010 000001 000100 
000001000000111 001000 010000 100000 000010 000100 000001 
100000000000111 001000 010000 100000 000100 000001 000010 
000000000000111 001000 010000 100000 000100 000010 000001 
110101010010110 001000 100000 000001 000010 000100 010000 
110101010000110 001000 100000 000001 000010 010000 000100 
110100010010110 001000 100000 000001 000100 000010 010000 
110100000010110 001000 100000 000001 000100 010000 000010 
110101000000110 001000 100000 000001 010000 000010 000100 
110100000000110 001000 100000 000001 010000 000100 000010 
010101010010110 001000 100000 000010 000001 000100 010000 
010101010000110 001000 100000 000010 000001 010000 000100 
000101010010110 001000 100000 000010 000100 000001 010000 
000001010010110 001000 100000 000010 000100 010000 000001 
010001010000110 001000 100000 000010 010000 000001 000100 
000001010000110 001000 100000 000010 010000 000100 000001 
100100010010110 001000 100000 000100 000001 000010 010000 
100100000010110 001000 100000 000100 000001 010000 000010 
000100010010110 001000 100000 000100 000010 000001 010000 
000000010010110 001000 100000 000100 000010 010000 000001 
100000000010110 001000 100000 000100 010000 000001 000010 
000000000010110 001000 100000 000100 010000 000010 000001 
110001000000110 001000 100000 010000 000001 000010 000100 
110000000000110 001000 100000 010000 000001 000100 000010 
010001000000110 001000 100000 010000 000010 000001 000100 
000001000000110 001000 100000 010000 000010 000100 000001 
100000000000110 001000 100000 010000 000100 000001 000010 
000000000000110 001000 100000 010000 000100 000010 000001 
111011101101011 010000 000001 000010 000100 001000 100000 
111011101101001 010000 000001 000010 000100 100000 001000 
111011101001011 010000 000001 000010 001000 000100 100000 
111011101000011 010000 000001 000010 001000 100000 000100 
111011101100001 010000 000001 000010 100000 000100 001000 
111011101000001 010000 000001 000010 100000 001000 000100 
111010101101011 010000 000001 000100 000010 001000 100000 
111010101101001 010000 000001 000100 000010 100000 001000 
111010001101011 010000 000001 000100 001000 000010 100000 
111010000101011 010000 000001 000100 001000 100000 000010 
111010100101001 010000 000001 000100 100000 000010 001000 
111010000101001 010000 000001 000100 100000 001000 000010 
111011001001011 010000 000001 001000 000010 000100 100000 
111011001000011 010000 000001 001000 000010 100000 000100 
111010001001011 010000 000001 001000 000100 000010 100000 
111010000001011 010000 000001 001000 000100 100000 000010 
111011000000011 010000 000001 001000 100000 000010 000100 
111010000000011 010000 000001 001000 100000 000100 000010 
111011100100001 010000 000001 100000 000010 000100 001000 
111011100000001 010000 000001 100000 000010 001000 000100 
111010100100001 010000 000001 100000 000100 000010 001000 
111010000100001 010000 000001 100000 000100 001000 000010 
111011000000001 010000 000001 100000 001000 000010 000100 
111010000000001 010000 000001 100000 001000 000100 000010 
011011101101011 010000 000010 000001 000100 001000 100000 
011011101101001 010000 000010 000001 000100 100000 001000 
011011101001011 010000 000010 000001 001000 000100 100000 
011011101000011 010000 000010 000001 001000 100000 000100 
011011101100001 010000 000010 000001 100000 000100 001000 
011011101000001 010000 000010 000001 100000 001000 000100 
001011101101011 010000 000010 000100 000001 001000 100000 
001011101101001 010000 000010 000100 000001 100000 001000 
000011101101011 010000 000010 000100 001000 000001 100000 
000001101101011 010000 000010 000100 001000 100000 000001 
001001101101001 010000 000010 000100 100000 000001 001000 
000001101101001 010000 000010 000100 100000 001000 000001 
010011101001011 010000 000010 001000 000001 000100 100000 
010011101000011 010000 000010 001000 000001 100000 000100 
000011101001011 010000 000010 001000 000100 000001 100000 
000001101001011 010000 000010 001000 000100 100000 000001 
010001101000011 010000 000010 001000 100000 000001 000100 
000001101000011 010000 000010 001000 100000 000100 000001 
011001101100001 010000 000010 100000 000001 000100 001000 
011001101000001 010000 000010 100000 000001 001000 000100 
001001101100001 010000 000010 100000 000100 000001 001000 
000001101100001 010000 000010 100000 000100 001000 000001 
010001101000001 010000 000010 100000 001000 000001 000100 
000001101000001 010000 000010 100000 001000 000100 000001 
101010101101011 010000 000100 000001 000010 001000 100000 
101010101101001 010000 000100 000001 000010 100000 001000 
101010001101011 010000 000100 000001 001000 000010 100000 
101010000101011 010000 000100 000001 001000 100000 000010 
101010100101001 010000 000100 000001 100000 000010 001000 
101010000101001 010000 000100 000001 100000 001000 000010 
001010101101011 010000 000100 000010 000001 001000 100000 
001010101101001 010000 000100 000010 000001 100000 001000 
000010101101011 010000 000100 000010 001000 000001 100000 
000000101101011 010000 000100 000010 001000 100000 000001 
001000101101001 010000 000100 000010 100000 000001 001000 
000000101101001 010000 000100 000010 100000 001000 000001 
100010001101011 010000 000100 001000 000001 000010 100000 
100010000101011 010000 000100 001000 000001 100000 000010 
000010001101011 010000 000100 001000 000010 000001 100000 
000000001101011 010000 000100 001000 000010 100000 000001 
100000000101011 010000 000100 001000 100000 000001 000010 
000000000101011 010000 000100 001000 100000 000010 000001 
101000100101001 010000 000100 100000 000001 000010 001000 
101000000101001 010000 000100 100000 000001 001000 000010 
001000100101001 010000 000100 100000 000010 000001 001000 
000000100101001 010000 000100 100000 000010 001000 000001 
100000000101001 010000 000100 100000 001000 000001 000010 
000000000101001 010000 000100 100000 001000 000010 000001 
110011001001011 010000 001000 000001 000010 000100 100000 
110011001000011 010000 001000 000001 000010 100000 000100 
110010001001011 010000 001000 000001 000100 000010 100000 
110010000001011 010000 001000 000001 000100 100000 000010 
110011000000011 010000 001000 000001 100000 000010 000100 
110010000000011 010000 001000 000001 100000 000100 000010 
010011001001011 010000 001000 000010 000001 000100 100000 
010011001000011 010000 001000 000010 000001 100000 000100 
000011001001011 010000 001000 000010 000100 000001 100000 
000001001001011 010000 001000 000010 000100 100000 000001 
010001001000011 010000 001000 000010 100000 000001 000100 
000001001000011 010000 001000 000010 100000 000100 000001 
100010001001011 010000 001000 000100 000001 000010 100000 
100010000001011 010000 001000 000100 000001 100000 000010 
000010001001011 010000 001000 000100 000010 000001 100000 
000000001001011 010000 001000 000100 000010 100000 000001 
100000000001011 010000 001000 000100 100000 000001 000010 
000000000001011 010000 001000 000100 100000 000010 000001 
110001000000011 010000 001000 100000 000001 000010 000100 
110000000000011 010000 001000 100000 000001 000100 000010 
010001000000011 010000 001000 100000 000010 000001 000100 
000001000000011 010000 001000 100000 000010 000100 000001 
100000000000011 010000 001000 100000 000100 000001 000010 
000000000000011 010000 001000 100000 000100 000010 000001 
111001100100001 010000 100000 000001 000010 000100 001000 
111001100000001 010000 100000 000001 000010 001000 000100 
111000100100001 010000 100000 000001 000100 000010 001000 
111000000100001 010000 100000 000001 000100 001000 000010 
111001000000001 010000 100000 000001 001000 000010 000100 
111000000000001 010000 100000 000001 001000 000100 000010 
011001100100001 010000 100000 000010 000001 000100 001000 
011001100000001 010000 100000 000010 000001 001000 000100 
001001100100001 010000 100000 000010 000100 000001 001000 
000001100100001 010000 100000 000010 000100 001000 000001 
010001100000001 010000 100000 000010 001000 000001 000100 
000001100000001 010000 100000 000010 001000 000100 000001 
101000100100001 010000 100000 000100 000001 000010 001000 
101000000100001 010000 100000 000100 000001 001000 000010 
001000100100001 010000 100000 000100 000010 000001 001000 
000000100100001 010000 100000 000100 000010 001000 000001 
100000000100001 010000 100000 000100 001000 000001 000010 
000000000100001 010000 100000 000100 001000 000010 000001 
110001000000001 010000 100000 001000 000001 000010 000100 
110000000000001 010000 100000 001000 000001 000100 000010 
010001000000001 010000 100000 001000 000010 000001 000100 
000001000000001 010000 100000 001000 000010 000100 000001 
100000000000001 010000 100000 001000 000100 000001 000010 
000000000000001 010000 100000 001000 000100 000010 000001 
111101110110100 100000 000001 000010 000100 001000 010000 
111101110110000 100000 000001 000010 000100 010000 001000 
111101110010100 100000 000001 000010 001000 000100 010000 
111101110000100 100000 000001 000010 001000 010000 000100 
111101110100000 100000 000001 000010 010000 000100 001000 
111101110000000 100000 000001 000010 010000 001000 000100 
111100110110100 100000 000001 000100 000010 001000 010000 
111100110110000 100000 000001 000100 000010 010000 001000 
111100010110100 100000 000001 000100 001000 000010 010000 
111100000110100 100000 000001 000100 001000 010000 000010 
111100100110000 100000 000001 000100 010000 000010 001000 
111100000110000 100000 000001 000100 010000 001000 000010 
111101010010100 100000 000001 001000 000010 000100 010000 
111101010000100 100000 000001 001000 000010 010000 000100 
111100010010100 100000 000001 001000 000100 000010 010000 
111100000010100 100000 000001 001000 000100 010000 000010 
111101000000100 100000 000001 001000 010000 000010 000100 
111100000000100 100000 000001 001000 010000 000100 000010 
111101100100000 100000 000001 010000 000010 000100 001000 
111101100000000 100000 000001 010000 000010 001000 000100 
111100100100000 100000 000001 010000 000100 000010 001000 
111100000100000 100000 000001 010000 000100 001000 000010 
111101000000000 100000 000001 010000 001000 000010 000100 
111100000000000 100000 000001 010000 001000 000100 000010 
011101110110100 100000 000010 000001 000100 001000 010000 
011101110110000 100000 000010 000001 000100 010000 001000 
011101110010100 100000 000010 000001 001000 000100 010000 
011101110000100 100000 000010 000001 001000 010000 000100 
011101110100000 100000 000010 000001 010000 000100 001000 
011101110000000 100000 000010 000001 010000 001000 000100 
001101110110100 100000 000010 000100 000001 001000 010000 
001101110110000 100000 000010 000100 000001 010000 001000 
000101110110100 100000 000010 000100 001000 000001 010000 
000001110110100 100000 000010 000100 001000 010000 000001 
001001110110000 100000 000010 000100 010000 000001 001000 
000001110110000 100000 000010 000100 010000 001000 000001 
010101110010100 100000 000010 001000 000001 000100 010000 
010101110000100 100000 000010 001000 000001 010000 000100 
000101110010100 100000 000010 001000 000100 000001 010000 
000001110010100 100000 000010 001000 000100 010000 000001 
010001110000100 100000 000010 001000 010000 000001 000100 
000001110000100 100000 000010 001000 010000 000100 000001 
011001110100000 100000 000010 010000 000001 000100 001000 
011001110000000 100000 000010 010000 000001 001000 000100 
001001110100000 100000 000010 010000 000100 000001 001000 
000001110100000 100000 000010 010000 000100 001000 000001 
010001110000000 100000 000010 010000 001000 000001 000100 
000001110000000 100000 000010 010000 001000 000100 000001 
101100110110100 100000 000100 000001 000010 001000 010000 
101100110110000 100000 000100 000001 000010 010000 001000 
101100010110100 100000 000100 000001 001000 000010 010000 
101100000110100 100000 000100 000001 001000 010000 000010 
101100100110000 100000 000100 000001 010000 000010 001000 
101100000110000 100000 000100 000001 010000 001000 000010 
001100110110100 100000 000100 000010 000001 001000 010000 
001100110110000 100000 000100 000010 000001 010000 001000 
000100110110100 100000 000100 000010 001000 000001 010000 
000000110110100 100000 000100 000010 001000 010000 000001 
001000110110000 100000 000100 000010 010000 000001 001000 
000000110110000 100000 000100 000010 010000 001000 000001 
100100010110100 100000 000100 001000 000001 000010 010000 
100100000110100 100000 000100 001000 000001 010000 000010 
000100010110100 100000 000100 001000 000010 000001 010000 
000000010110100 100000 000100 001000 000010 010000 000001 
100000000110100 100000 000100 001000 010000 000001 000010 
000000000110100 100000 000100 001000 010000 000010 000001 
101000100110000 100000 000100 010000 000001 000010 001000 
101000000110000 100000 000100 010000 000001 001000 000010 
001000100110000 100000 000100 010000 000010 000001 001000 
000000100110000 100000 000100 010000 000010 001000 000001 
100000000110000 100000 000100 010000 001000 000001 000010 
000000000110000 100000 000100 010000 001000 000010 000001 
110101010010100 100000 001000 000001 000010 000100 010000 
110101010000100 100000 001000 000001 000010 010000 000100 
110100010010100 100000 001000 000001 000100 000010 010000 
110100000010100 100000 001000 000001 000100 010000 000010 
110101000000100 100000 001000 000001 010000 000010 000100 
110100000000100 100000 001000 000001 010000 000100 000010 
010101010010100 100000 001000 000010 000001 000100 010000 
010101010000100 100000 001000 000010 000001 010000 000100 
000101010010100 100000 001000 000010 000100 000001 010000 
000001010010100 100000 001000 000010 000100 010000 000001 
010001010000100 100000 001000 000010 010000 000001 000100 
000001010000100 100000 001000 000010 010000 000100 000001 
100100010010100 100000 001000 000100 000001 000010 010000 
100100000010100 100000 001000 000100 000001 010000 000010 
000100010010100 100000 001000 000100 000010 000001 010000 
000000010010100 100000 001000 000100 000010 010000 000001 
100000000010100 100000 001000 000100 010000 000001 000010 
000000000010100 100000 001000 000100 010000 000010 000001 
110001000000100 100000 001000 010000 000001 000010 000100 
110000000000100 100000 001000 010000 000001 000100 000010 
010001000000100 100000 001000 010000 000010 000001 000100 
000001000000100 100000 001000 010000 000010 000100 000001 
100000000000100 100000 001000 010000 000100 000001 000010 
000000000000100 100000 001000 010000 000100 000010 000001 
111001100100000 100000 010000 000001 000010 000100 001000 
111001100000000 100000 010000 000001 000010 001000 000100 
111000100100000 100000 010000 000001 000100 000010 001000 
111000000100000 100000 010000 000001 000100 001000 000010 
111001000000000 100000 010000 000001 001000 000010 000100 
111000000000000 100000 010000 000001 001000 000100 000010 
011001100100000 100000 010000 000010 000001 000100 001000 
011001100000000 100000 010000 000010 000001 001000 000100 
001001100100000 100000 010000 000010 000100 000001 001000 
000001100100000 100000 010000 000010 000100 001000 000001 
010001100000000 100000 010000 000010 001000 000001 000100 
000001100000000 100000 010000 000010 001000 000100 000001 
101000100100000 100000 010000 000100 000001 000010 001000 
101000000100000 100000 010000 000100 000001 001000 000010 
001000100100000 100000 010000 000100 000010 000001 001000 
000000100100000 100000 010000 000100 000010 001000 000001 
100000000100000 100000 010000 000100 001000 000001 000010 
000000000100000 100000 010000 000100 001000 000010 000001 
110001000000000 100000 010000 001000 000001 000010 000100 
110000000000000 100000 010000 001000 000001 000100 000010 
010001000000000 100000 010000 001000 000010 000001 000100 
000001000000000 100000 010000 001000 000010 000100 000001 
100000000000000 100000 010000 001000 000100 000001 000010 
000000000000000 100000 010000 001000 000100 000010 000001 
.e
